  -0.273000    2.000000  
  1.060000    7.000000  
  0.654000    6.000000  
  0.112000    4.000000  
  0.149000    5.000000  
  -0.160000    3.000000  
  -0.428000    1.000000  

  0.041000    2.000000  
  -0.263000    1.000000  
  0.760000    7.000000  
  0.357000    3.000000  
  0.412000    6.000000  
  0.383000    4.000000  
  0.393000    5.000000  

  0.208000    5.000000  
  -0.543000    1.000000  
  -0.415000    3.000000  
  -0.433000    2.000000  
  -0.321000    4.000000  
  0.366000    6.000000  
  0.528000    7.000000  

  0.510000    7.000000  
  -0.104000    1.000000  
  0.256000    5.000000  
  0.133000    4.000000  
  0.123000    3.000000  
  0.071000    2.000000  
  0.303000    6.000000  

  0.328000    3.000000  
  -0.029000    1.000000  
  0.400000    4.000000  
  0.217000    2.000000  
  0.466000    5.000000  
  0.514000    7.000000  
  0.490000    6.000000  

  -0.209000    3.000000  
  0.121000    6.000000  
  -0.031000    5.000000  
  0.170000    7.000000  
  -0.252000    2.000000  
  -0.401000    1.000000  
  -0.184000    4.000000  

  -0.159000    1.000000  
  0.111000    5.000000  
  0.793000    7.000000  
  0.020000    2.000000  
  0.147000    6.000000  
  0.095000    4.000000  
  0.080000    3.000000  

  0.774000    7.000000  
  0.424000    5.000000  
  0.222000    3.000000  
  0.279000    4.000000  
  -0.017000    1.000000  
  0.000000    2.000000  
  0.589000    6.000000  

  -0.791000    5.000000  
  0.691000    6.000000  
  -2.170000    2.000000  
  -2.281000    1.000000  
  -2.126000    3.000000  
  -1.724000    4.000000  
  2.347000    7.000000  

  -0.163000    1.000000  
  0.045000    4.000000  
  -0.118000    2.000000  
  0.211000    6.000000  
  -0.080000    3.000000  
  0.175000    5.000000  
  0.600000    7.000000  

  -0.406000    1.000000  
  0.053000    4.000000  
  -0.255000    2.000000  
  -0.134000    3.000000  
  0.170000    5.000000  
  0.176000    6.000000  
  0.389000    7.000000  

  0.106000    5.000000  
  -0.429000    1.000000  
  -0.052000    3.000000  
  -0.022000    4.000000  
  -0.152000    2.000000  
  0.480000    6.000000  
  0.655000    7.000000  

  SCC BETWEEN 0 and 1 is 0.000000
  SCC BETWEEN 1 and 2 is 0.321429
  SCC BETWEEN 2 and 3 is 0.464286
  SCC BETWEEN 3 and 4 is 0.107143
  SCC BETWEEN 4 and 5 is -0.785714
  SCC BETWEEN 5 and 6 is -0.071429
  SCC BETWEEN 6 and 7 is -0.678571
  SCC BETWEEN 7 and 8 is 0.571429
  SCC BETWEEN 8 and 9 is 0.178571
  SCC BETWEEN 9 and 10 is 0.750000
  SCC BETWEEN 10 and 11 is 0.357143
